146523
345341
212354
441551
132265
613534
645143
225411
531124
362346
333214
432661
214663
612256
414664
233126
631155
662144
343231
513326
116611
135656
565522
425135
132552
363241
152263
224225
163435
324551
355523
416466
515261
161254
423246
523113
523662
324654
635143
215516
233543
666141
642414
315611
351366
555216
666612
413345
165221
426221
221665
551251
241352
624631
122441
133543
155236
355452
414253
255165
331551
246432
414655
423325
556124
113146
553563
366521
355456
116612
345366
342546
242321
111142
234265
533112
664235
336564
555453
535546
664523
256566
613362
526453
331265
415642
153534
161221
151625
633363
453643
613654
356251
314445
321235
125666
414165
313412
211561
152225
663153
163245
531546
433552
321212
422363
416633
246236
564433
462524
341651
662155
431452
644141
424432
116143
653434
145516
345451
343156
665166
221453
343632
554641
345551
446266
264263
214356
622615
415443
243144
223325
644414
646316
112511
342242
242151
161434
421535
636634
654462
242522
352535
366544
655656
525645
536214
646235
321461
466264
343113
214136
422236
256546
411125
153623
115251
321464
532635
463361
213114
211653
341463
464132
255416
533426
135541
566122
163266
412452
426143
354631
561323
322416
662664
554566
454234
565615
515424
455466
645336
655154
611125
535325
265411
224544
525242
643134
516616
223625
225446
353463
116666
155164
665265
214345
616545
551461
216614
362253
133632
145363
116434
234463
531535
331231
645565
213425
232325
534356
411612
344244
116326
141616
116666
564561
355553
634432
423224
424561
253644
631226
262416
212252
263623
631632
232446
233162
536246
536223
121551
534246
345441
355343
521623
541565
433542
122132
421412
642626
323333
513313
123155
116153
534344
145253
515221
134215
223611
234345
544315
155414
422436
566262
256331
642663
214413
666623
543443
456156
243646
424136
141661
335613
644343
112164
314623
443232
656566
215366
622331
324261
625312
433323
144455
344261
634115
253653
152135
466542
231144
312362
353466
421334
236531
321264
145613
444262
662422
536616
524632
664614
433154
516635
265224
343165
265163
514331
332324
621455
625662
132133
415512
532212
452466
532211
621643
322136
525342
252152
362231
326531
315316
331533
442432
421611
235522
131556
642161
463146
334612
433436
112642
225653
654464
521625
224455
355152
462164
642124
116635
351412
145252
553444
553312
334626
335513
341634
314123
225246
324256
244333
664412
642624
555431
455442
326444
355216
355626
553641
111631
645141
234211
116511
142313
322265
612461
246455
124646
216352
263133
415344
114421
411122
464152
244336
235335
656432
515641
251465
513322
315366
265513
332224
356661
225346
451414
612663
636564
156456
246661
665554
425223
311355
222552
255135
244266
433345
564446
531664
155121
115511
562456
413216
264563
135332
222516
212234
643653
266623
361645
326334
665256
644155
615551
313656
523311
121413
446443
131336
554121
354151
244546
356435
131424
426212
441464
156612
556155
252116
641626
452613
115223
324624
116325
453454
146441
261363
242352
256553
265134
413652
516421
363612
622561
251253
621443
562446
343646
125153
223153
215351
153431
163111
212442
311461
223362
665535
612354
635565
225541
455323
415461
413254
112232
355555
344411
615256
311635
361516
451452
536433
221616
424512
262141
236536
411336
353113
564645
553513
641144
221514
262152
613313
316325
263252
364163
166554
311552
256162
635314
436522
546551
431155
233435
632526
526464
513615
142446
623143
142252
552215
165154
562621
226134
361631
145511
665444
246515
266632
565652
326451
112241
553565
555524
334662
235252
614422
251515
542443
445133
463155
152533
144312
623223
564343
624541
114366
611222
636665
125464
125144
553423
632315
133565
256346
224116
325355
351344
522143
332545
611634
463432
544155
514153
251126
135113
153444
456151
366413
422614
214453
431624
514263
113152
533251
324636
311656
652261
526415
462664
312521
353664
364121
135224
541513
215224
543635
664412
241146
125363
663243
211346
532154
413415
631532
454264
424642
331232
531236
141363
245421
426622
612632
563525
141422
453333
546145
111413
365211
312164
436314
412354
255152
526211
566355
351142
324155
155651
515326
246442
412531
632415
422426
364626
634331
153411
116441
134614
146134
615563
324612
245141
461645
164564
553665
465121
336516
135434
545132
625234
534135
313415
254255
545643
543542
514151
452526
632665
545522
416315
213516
255562
463623
161155
145452
661234
142321
116553
126146
335633
626421
551266
362116
245124
363653
434331
265221
342526
133123
331666
262466
631441
625641
526342
521332
665343
453446
351531
633114
331653
423665
365414
615213
422161
253355
421162
331564
414366
352416
211233
353244
362233
662514
633255
241133
331464
434515
323511
533214
313364
465416
646331
512451
511665
561362
113611
356631
153114
252512
142146
354135
512236
545326
525346
643555
435431
126425
526411
124331
665125
163111
565454
451252
532622
516132
222465
146533
264554
541235
564236
511132
543341
142225
666661
225356
465621
623433
366264
622126
655544
645625
413614
146244
322425
221464
156356
334352
261416
653126
345646
451352
355553
434212
551243
324346
564266
151144
112542
152342
643453
533616
216562
445511
165611
412555
631164
343334
455134
441431
251124
421136
315144
141446
231413
211554
561225
333532
656523
432414
514316
333225
522216
615545
366245
222116
135532
266425
222462
663332
246323
444232
352654
461434
534265
423551
533145
615336
656245
555654
215634
143262
232315
566334
165163
452116
425124
223656
133354
334355
465622
135253
211144
151526
342223
664653
443345
536414
211516
443344
455351
312321
144426
623323
335644
511163
355461
136436
514664
512211
151135
326516
546561
235555
535152
522232
554161
513136
661212
354241
142413
351132
232646
332453
433225
521644
335241
136214
253533
342546
536441
646563
152115
422622
352115
145455
333241
454231
214411
442554
113162
431632
345642
413235
422544
253421
522514
436351
441665
464334
156555
352651
266335
622562
356234
234662
561621
451342
642146
122225
153315
344146
356142
423356
443156
336664
116354
225232
534311
345142
142544
361256
225256
261556
462624
422131
165123
266143
632366
653134
134216
164511
424632
422155
636652
615434
655446
464356
622361
414633
146616
222222
552664
543255
261446
353416
665444
555135
314333
636135
254532
256252
614416
241216
622555
232325
244413
236643
654252
114312
622345
661432
356523
521235
244361
651551
246645
442154
232142
541514
164553
421215
624112
422621
214646
531652
164412
623265
323524
216326
134566
266445
536246
315356
515443
244614
545155
236255
113123
616226
316634
461462
216221
243526
563356
661533
146451
362264
613164
461434
212413
434561
534425
111552
534425
342526
616253
651143
543113
566533
133531
611513
322346
524352
132462
242232
243112
611436
342335
146565
535552
112163
523333
422556
114565
463132
334242
346434
465342
635515
144415
342146
452563
256624
124334
325662
636343
123123
645333
645412
224242
214124
625422
161464
166243
455624
131456
445154
263615
632132
162625
126513
132454
641533
542214
234363
365533
363421
245321
165635
416634
513151
112344
336635
166514
424466
363141
255144
622334
614242
164351
334336
351452
334236
314432
342321
224332
544623
655351
654264
623361
321433
426335
431615
523362
424116
333322
663621
436166
125544
633443
563614
162144
534256
531656
314365
451115
125225
634445
323161
354263
525426
563653
123122
654563
234545
163116
633364
352642
554556
352235
111645
133323
241544
252651
444444
334244
646116
112462
414214
526135
154625
633424
341232
453533
636134
345455
453165
253163
243513
144111
226652
661532
336541
323666
534436
631466
224134
211514
511362
621113
653521
346545
636554
362266
315616
466114
155316
133252
232162
451415
333616
525651
464355
523651
533316
431352
661445
515155
511541
421323
136631
554456
212436
456425
545535
555655
314542
121555
526553
116315
544123
611154
421455
541551
542236
542461
141362
665355
133644
233511
454153
354342
621512
213156
261262
564266
265261
151656
252433
516351
262554
465261
663255
511441
363211
122425
124663
533542
123626
131635
266421
633525
445425
165145
555246
333364
461562
264243
343462
355661
461265
264342
563542
152524
155146
626353
411225
514134
362513
121216
342224
261313
152643
332346
244243
455221
645314
466316
135335
231616
135565
642212
462343
363543
632552
661315
156644
526525
645116
313153
355231
546362
166215
421323
365256
112651
344643
421341
345424
521453
631212
131543
112551
263523
254252
535352
634433
343255
625144
242162
366646
244315
455512
163263
615534
113624
635645
666242
135456
535451
235154
623451
523654
326523
533425
324233
413536
115653
234456
656415
311253
214113
452346
665424
125322
432213
415621
522363
531224
151121
345461
553222
113545
151445
451153
646445
323132
214262
521625
452264
462262
343535
315443
115325
662115
222663
533412
435224
633331
365366
553431
224125
223463
265335
324443
263263
135444
313611
353145
216643
411231
244663
644142
425642
651233
463255
553136
144451
613211
555222
614543
461253
261516
122665
651442
444332
156434
142662
516365
516624
416262
124156
515546
526421
146353
165521
443356
333445
525645
546151
251222
112334
261143
632656
155645
326226
136134
566114
131455
243542
555215
512443
464624
211514
146365
226546
121535
555111
233435
141326
536464
466531
523512
626654
645645
141544
246141
236226
614241
542155
516453
141422
226362
633161
236251
211533
346542
315222
462416
451245
353346
156546
143252
566251
444222
321326
154625
266241
135316
432522
351363
412465
632153
153355
526236
355151
455224
565666
621335
535136
421216
226446
456655
626223
436625
324653
561123
654511
344566
213421
644233
641124
333612
165141
363536
411334
565336
153523
161615
241663
346155
426136
612262
352636
112314
463512
561143
342415
343515
643446
423461
625513
442514
211356
222426
261244
623643
643133
335436
165545
666125
122366
563522
442456
426662
314516
544145
613446
414244
642636
144156
232555
525543
463651
116315
166156
142542
665453
211366
411663
213615
124536
213443
236563
624664
624131
616623
441262
236651
534531
311113
366414
156526
612513
323454
566455
454536
424465
454142
213226
351324
235243
643311
555444
116263
225425
642164
142312
631453
532115
324232
343125
263564
533234
421551
162154
533355
424535
355414
323523
625131
611133
326514
343543
642324
224564
236241
433336
265425
416312
614246
512565
135234
325253
232646
545345
112166
242315
462126
633136
631116
314636
436523
641515
562125
252136
455164
135635
465355
526512
225311
161533
125243
315251
251135
643311
121645
423561
414616
161244
463621
225324
253634
464541
346463
123562
514656
415111
221141
354145
225652
413333
266114
531466
435365
124633
515133
532152
162245
514413
613644
234365
115462
224322
624415
463335
411325
315261
263561
316555
454561
254465
653433
344144
645611
232413
356144
433612
545362
664511
524531
454331
112122
131221
115411
263455
642365
445645
136414
425362
125553
566246
446253
146154
121112
616335
635314
442653
261536
465661
143663
461211
343565
533342
634412
462546
261441
546425
234434
521233
215211
421165
122113
146134
116615
151115
435316
535622
651363
453641
122562
123663
434651
665644
626154
223563
254613
132615
566333
542464
643412
655463
413141
141151
626515
432342
444324
133463
511246
464262
561626
142231
661214
535663
451323
416313
562126
265443
314455
526255
112261
551465
546261
666553
261426
426246
645243
632254
161451
525133
214412
121423
522315
134312
623544
643251
524315
236623
454161
111354
153364
366451
162431
336254
345165
125251
652163
534561
262553
346364
113111
415562
663515
433633
224142
216441
444414
541142
362145
452546
266163
614165
324554
615521
464413
532251
562143
252513
634626
332256
662651
661261
641641
431252
662262
555515
515212
125243
562336
366646
226265
443433
445161
461121
355334
462213
215145
655156
461662
542251
564144
235466
323615
354312
413244
563643
315136
312414
644314
245562
264555
164223
134652
226532
546162
561423
526355
443661
615621
216441
566453
226323
456623
426336
312121
546516
516535
132333
463222
351564
435165
546325
431556
162252
314165
142624
255522
545242
133554
632632
213263
565364
212213
633231
126353
332125
162125
352414
655543
135612
543231
624423
456412
662152
422236
632443
634344
355416
142644
345634
534116
331156
442514
344242
623312
412231
453634
366616
542665
435263
325616
215254
452556
464332
245644
633344
426115
462251
454135
641352
232564
626565
626155
413416
134613
534466
214433
311531
224655
532515
114261
645542
623235
313525
551241
456426
363633
123136
122622
356134
631621
112466
214312
143425
332631
525641
556221
155355
116246
631342
456563
442525
661546
154542
334121
321433
221646
222341
632134
231466
666414
252626
144255
256551
564241
155365
566251
553126
522663
313552
641264
132615
556434
134142
341263
515223
646326
341334
156155
265653
353535
636224
523564
461412
363344
433641
623412
255164
215414
112614
216632
145263
321112
114542
423123
321635
352435
533626
424624
251216
543563
563312
551355
524412
521453
146352
626331
413242
332544
535424
222621
131644
454254
334664
336225
555653
126511
151123
323544
562162
461333
564453
354214
623323
664651
132354
654444
666241
315256
152166
412211
544546
532353
634413
666664
216621
552356
326265
533346
666425
651262
663436
554146
223232
115545
215323
525514
226414
333556
136543
324262
431444
162623
524315
553152
131651
262243
141521
413426
215566
666115
522216
351665
545246
225453
636525
622453
414313
411251
226453
543615
151623
131525
316526
613214
462535
425612
626654
666536
356466
463163
266656
335661
155136
324236
546611
345251
251651
146316
261156
223632
551413
465445
441455
323433
652241
226562
431336
332133
512163
166111
145452
213326
626333
526661
343633
154262
456631
325266
214156
236211
335526
325111
364116
431224
154345
535616
426514
346623
442316
226635
646126
611442
331326
142315
212543
423356
655213
654655
141651
361652
521651
151316
431663
654461
342643
141541
542213
234662
154362
146164
624532
541513
623226
126215
231161
261263
113464
141466
524144
215634
623435
434554
323446
332635
351222
411631
232514
525444
115655
516352
354464
663512
644264
465143
243661
145436
543316
155425
422322
231532
434244
332656
565556
434622
466665
263622
631665
351213
264454
426314
666246
351641
542523
152344
566536
336116
356356
321256
242562
131546
414423
463242
424462
533435
421655
444423
552615
221625
134654
453455
334144
633621
616141
254515
264336
242621
426665
664261
125115
241266
564215
431423
626422
351543
252251
342121
326131
123326
365623
134346
215412
654161
313356
446635
414632
141635
255615
522535
212215
636143
153141
312441
362346
632151
443225
414466
216442
216224
141654
264612
245342
632613
242545
354325
256231
156434
416252
515331
161445
261145
345614
446564
515265
446345
434636
522332
435115
536565
152532
341624
311223
546634
346414
123212
234443
653611
546432
155542
142536
463424
252441
632435
556562
632264
564223
122534
344136
265641
536222
265656
545356
336112
326631
336534
411263
424341
535235
655336
512216
212362
424345
316356
266534
131545
334244
514224
654553
653262
152534
326213
216445
145353
652611
365216
265244
446546
436261
356555
164562
213554
534226
456443
221453
243323
413264
225161
313123
465526
516534
241655
264344
645116
343446
122254
563554
526446
163342
151156
216325
166552
153236
363115
233643
125666
162523
614161
612241
512664
614654
444264
134564
154226
663361
451242
534146
134435
644136
113521
242322
641263
613616
433622
342246
521413
126566
116465
523111
546656
556623
231535
524264
642554
214331
256316
444564
651523
551361
354214
535346
645352
352464
333256
646325
421456
211455
113254
362423
235163
455245
521124
561322
541542
311651
562224
242131
163233
654645
166426
145334
466533
631614
521643
166326
666254
632611
451551
615164
336165
122642
335611
523546
141553
155665
452552
245265
612454
151326
312526
223141
646436
113141
562214
511563
636455
155436
343165
563524
211635
551525
564146
341623
155312
465566
563462
335265
361246
333326
261356
153645
644441
252141
125265
542532
362513
146256
241255
554635
125634
312325
414121
433342
444566
331661
552625
352444
365464
543226
546461
216246
252255
641642
324524
321666
215633
425131
426556
152416
665364
143241
144451
556441
434546
133525
232122
412356
225261
321465
635322
124532
161541
413516
626261
223361
661226
554135
232456
626215
416654
542423
155225
324144
446355
235526
456462
413623
316635
144141
634523
166361
653426
251464
221514
355436
255436
632256
641344
214515
131213
653311
325426
453142
314515
415616
415666
133211
526152
312442
132356
361362
626325
341165
225522
355526
565212
462456
424655
662115
345545
451614
123461
525531
424243
521116
435542
354636
463256
655163
612341
322526
424453
446466
544154
434531
125241
316534
415251
564563
424124
521615
363264
356453
326324
263666
633455
322535
213442
144434
315142
525651
444264
266523
621512
663623
625441
251414
244545
321415
455436
164265
354212
331543
433611
621261
633663
312542
642345
523346
222214
335353
533156
363252
435424
552131
325155
354346
545235
325613
523216
426452
435432
125266
232246
433613
221421
364233
163162
131621
543123
212454
454151
341132
363422
112515
646656
511665
233325
462222
252213
442354
133365
214144
661322
412345
626521
554411
641612
323151
414156
444354
461254
212412
312412
533442
551336
162353
333616
133632
353454
623436
444643
233663
113524
656552
541443
411636
312626
664533
145265
614643
561533
325135
236266
626266
615556
654212
312233
452163
141625
163435
622241
622336
643652
466532
333512
113433
116526
666356
566224
636513
566223
511325
614213
261433
123553
434512
253322
513221
654155
431432
421252
213621
212455
615651
526266
253331
532314
666325
124563
563361
211656
131216
441215
553111
241313
525211
423534
664225
541344
516425
551243
635245
362315
531543
515164
554325
234313
114446
424421
162121
125534
311523
242623
521355
345144
633431
166121
631534
663261
113262
252522
431262
126465
415254
664542
346622
543353
236552
141512
464263
556254
231154
414226
423351
132626
224451
444166
424513
626213
321662
511222
322313
331434
552546
556364
162563
562566
133524
446553
435634
522331
255655
543263
166653
643256
262544
356223
546432
521654
462311
513333
643532
626243
545244
635623
222351
624513
662631
322141
263544
156664
231663
235164
523352
265155
364625
251552
522535
116216
416161
556226
133224
526165
644465
651663
441326
241423
636154
665313
653625
253662
221431
445133
262255
436142
563231
532544
132512
524615
352336
633541
616111
234424
553444
336565
165125
513461
241223
213356
462455
655242
515324
113512
242455
254565
435551
235163
426216
452445
443156
254255
423424
551236
634551
646624
562234
333642
421634
512561
655611
465256
263533
563353
514111
135235
256634
222133
523426
524354
133526
551146
226626
454142
235113
634125
216441
521416
623361
563164
335521
424412
231535
555443
563452
443122
144323
164344
365453
332215
252126
143254
435522
626331
115252
245135
662653
425331
412515
644344
214342
262246
452263
143351
246656
245255
525235
462564
635513
136512
421365
441164
632664
341416
313254
442451
333255
422521
553326
552564
522536
432565
546126
222441
522215
435231
543254
524453
453656
233645
214413
651621
531456
224556
634116
216124
541641
331111
663641
351235
655633
445531
521554
432232
635633
125435
114412
543221
264235
611361
443241
661534
365466
233253
123262
453541
556355
263354
526236
163355
331556
253551
561155
632116
643146
642525
466435
266664
361242
463423
524423
565341
344162
365535
355525
212543
544141
112261
156335
246135
243236
125463
625112
515333
226656
156644
463345
514641
445315
131262
364525
611322
133461
636252
536443
516553
123543
143466
426165
625163
266626
465626
225643
415432
565441
124355
131166
354543
263123
331135
542351
156221
226262
656433
562264
331144
131656
462414
112366
144654
362616
656255
423233
511362
365226
462231
121532
363632
511154
211353
156163
425254
265326
663556
625311
336336
634331
161356
444124
114262
421315
526143
421621
361655
111661
136263
262653
643244
426261
545633
136555
415346
441415
344612
222453
343356
341652
124642
161266
554126
321361
124231
662654
232443
134211
456662
225651
321332
551111
213116
214233
241152
634666
154212
233632
325136
262663
662533
342512
121342
416224
556446
261513
151136
255216
122256
134411
624313
221526
244463
251442
511654
123451
366165
556664
641111
613514
554324
165631
655655
534562
315251
313256
224631
253566
451646
662532
414524
121343
233345
141555
636126
654165
452131
121413
224263
326515
554124
112252
443253
426324
122163
253551
121314
623232
642341
336245
416421
452114
434554
314424
323165
165115
225544
614563
541323
456132
516414
254343
264122
254664
436252
541213
653251
515562
355646
264246
551665
421614
442166
635166
135224
362133
511455
442346
532461
234313
516564
515121
352162
162346
241221
145266
255434
644334
646366
541215
455112
311312
316313
443423
122365
153663
546523
451545
416554
526364
142634
444315
424556
163331
112545
225345
611225
224163
555414
623112
255313
515441
345412
313221
233365
121265
554364
131162
134253
556415
363162
545665
161443
634234
235565
324555
516444
243514
233364
345455
363356
122121
652366
366163
114114
456244
664551
156464
144524
311265
515226
225325
465415
124316
466415
422463
432243
161332
111511
115653
541552
344352
145353
522564
316633
542262
622144
551423
456513
565125
354415
123633
644563
531244
656314
233263
352512
651451
126236
245536
363121
423616
522661
332564
322326
534625
642245
124535
221614
655565
134116
626245
456624
542251
552346
214334
442221
411231
151656
656244
312545
134613
222533
641614
464244
655166
154223
661321
636545
316222
243346
621312
566133
332534
121232
224433
115363
214533
546241
654155
634666
142613
642155
415651
535611
136114
231332
636261
556214
226531
512164
453653
425261
554135
511426
456633
441513
413635
152364
233226
164434
243462
415311
522346
164256
456252
651461
514531
244212
632264
562256
335164
152136
424541
666435
331536
336315
526652
263116
533126
434122
613516
133541
546612
142515
625536
634553
156664
334246
646266
431151
562656
413236
151663
224116
323641
641413
466631
414546
112653
214155
543243
161334
126451
462535
225362
163542
314414
521642
211641
161121
663354
654443
331466
345566
653316
552254
456541
121322
545445
435125
621366
223316
424544
262346
645142
115432
665643
644656
353124
466213
153333
523355
163545
335253
554653
626562
343512
436234
536221
561345
454645
612234
121621
512356
416411
414332
366212
362224
356426
623461
332422
544543
224514
254532
254536
634364
264214
452342
415514
255452
512446
423162
256456
534352
441434
652152
156553
214144
165165
133244
545321
432356
426235
455353
444221
563332
122213
115654
262263
154433
321222
514534
425541
122436
326435
245346
151436
525631
421312
131261
335431
251453
311664
443243
332612
263346
254641
163525
425424
122221
446151
136541
315456
236114
543163
556552
426112
311564
625655
555533
135624
464445
556434
215545
546426
352134
142541
114111
222115
146262
414355
565453
632366
364226
644655
161124
314654
436333
116225
523132
421545
641323
411364
456515
364455
164633
425452
422232
364122
465434
325356
545236
146364
252466
332616
512454
646626
563633
621142
642314
143616
436323
361243
522446
314416
215154
532151
456512
141346
646353
366252
522243
222146
351322
353634
124125
453425
336132
212546
154551
152116
234522
124114
134246
255264
311554
323445
342336
125454
166352
325153
142226
436535
513663
316245
556664
521233
145464
423341
355246
136563
666342
415541
453563
424124
641333
364435
231633
542115
523665
151635
215321
654323
646135
455425
112153
612235
526653
523131
522352
122152
413444
524543
333325
224434
651424
415412
343541
141562
352122
111232
124353
321415
516645
333446
553633
513445
566411
465315
343112
563612
343224
252663
356535
123533
343223
422256
662515
542254
656113
112355
161254
331633
621461
664165
166665
356434
651311
136536
432352
543155
524213
652443
262465
312162
544136
666512
432556
164653
452612
212151
116153
154324
424446
615661
146365
666331
511355
115412
651112
334226
113644
444252
312362
443426
636232
445636
553656
415336
533266
221211
642663
245554
111114
663661
445621
512454
111521
143641
464122
452426
412556
612624
421254
542346
415343
436262
162313
116223
266216
521245
623633
114121
354245
522224
433511
115356
146333
432364
341432
162115
365412
556613
115325
331433
411551
636136
335234
241644
614455
434362
446624
215333
522111
413552
663216
245441
653413
241644
635251
222543
554233
125112
442361
545553
462446
222213
214515
664553
543445
261366
655536
652325
232366
155353
343553
626135
243365
334642
642514
211363
435535
126324
431635
366541
344325
343214
554332
242252
152122
143264
136422
145432
335562
215213
534313
555423
565336
615253
652622
624566
222111
635624
466122
531144
446233
143314
331463
522432
542435
626111
421341
651312
164214
431341
341113
546636
332432
352544
266526
415552
244363
551412
521264
416224
345513
456212
121646
225416
633255
226454
333413
624312
233462
413266
531432
332425
356254
313415
434653
434631
136512
651541
442212
252161
114155
456453
122226
451516
622532
511216
215335
346546
152544
464261
655611
266232
533451
226623
113342
365242
624226
434252
554656
245633
531621
552444
625122
642531
142242
426162
135655
562315
311421
214142
125425
165516
361234
611532
222331
214562
413535
341464
533336
251561
461313
645441
161335
443315
161421
563522
441312
644641
353112
411345
566144
233342
623465
326622
253256
145416
553136
543412
233263
222545
636615
552645
312522
264212
114416
246622
651655
466212
121542
112254
415416
423263
165112
251344
525512
656555
424353
141323
341623
421212
642462
346161
364263
412355
536315
246531
134215
133353
112643
661216
211632
421245
356241
561542
151133
625214
624231
366352
656362
313243
324453
246511
523535
641646
631464
461642
166166
433211
235264
516546
345614
263254
455432
245452
342533
146616
521115
262545
413115
311236
615224
315155
452355
361462
245161
512241
524666
265112
545654
522113
514526
131646
346255
131243
214422
165543
522363
115635
116162
665121
161343
626153
651622
656162
164355
241123
524445
424432
635433
413313
646514
424313
662114
314164
561255
525542
551345
344423
415561
144616
615644
551255
163165
144631
423243
515265
432425
225564
551216
113262
466156
514613
255454
231226
545564
252313
516514
141655
514422
421434
626311
666246
354561
613345
326123
535566
216331
461565
355446
253411
236522
522244
316351
246564
131263
254536
135444
331334
232222
466326
341225
511424
425636
233112
421161
533235
145245
415366
156321
531334
156363
613644
134652
364346
365233
663444
622142
615242
531531
113141
335264
526313
664451
432355
642661
112134
652524
154412
312311
232653
544342
456625
311126
151435
331525
266112
336433
616141
633455
132662
366135
452321
536664
632232
512511
246431
235145
313252
626612
555462
114345
233451
326423
253413
422513
144316
641642
425544
441651
121626
513155
654635
461656
611526
322213
364645
555214
433615
411646
663312
634552
145223
152336
132325
144653
243424
461212
534633
565555
523222
541263
142626
256342
411651
641261
653332
621662
233431
254363
356522
341623
531555
641655
316611
352463
423263
554661
314454
324452
456511
615313
652331
146653
342252
552542
522146
321416
625164
436322
462423
226655
242434
636664
556621
434556
513622
511634
143546
635134
241631
643255
561634
666356
551153
225343
562316
136455
626626
241243
323552
421644
133243
245526
361133
165233
166445
232243
211552
111335
612533
341325
152131
536411
351126
653224
662346
531413
221221
635136
565233
346426
432314
242233
661231
236126
562266
114413
325552
634445
214326
536143
452226
626525
111415
512362
336334
532541
323512
436464
625431
462315
532264
616663
613155
532351
641346
565361
132551
263653
632664
122456
314314
544643
554524
543653
622642
462413
635363
341466
211532
313565
241155
412525
135441
216355
341551
516125
564666
552453
221121
552556
353444
146126
645463
463612
111436
522422
355611
133521
314524
435246
542256
435153
555644
153634
113634
315151
632664
631454
424335
333625
312344
631536
123356
165214
453663
526666
644145
133216
461652
533446
613415
345254
454321
563556
545664
524663
612322
433355
151132
546114
434346
454113
454161
312111
334441
433363
553133
326135
225314
614563
522665
545536
524254
453236
462554
651214
631125
445413
242633
443126
646541
552435
543542
232133
346251
625354
221424
136466
663344
445614
415323
465663
451343
651244
161262
134432
546416
356325
252312
632411
154254
126551
546231
632454
325156
662432
215454
462151
323324
264412
133554
526134
415235
311445
544162
451224
524462
455214
452142
654626
311441
221616
224461
366214
326142
552264
555264
542333
166212
514232
525566
252215
146211
433353
133634
333121
623166
141623
466512
144663
533555
233112
214525
641412
256513
523136
213436
443262
535531
516162
511262
431335
521431
152646
455254
113124
213656
111156
142516
256135
162553
361413
446635
424445
323261
224413
655653
563332
334614
111642
464513
131316
353441
214613
223332
211432
356623
144245
315544
523613
411453
342215
522521
536253
516353
226546
645434
641236
164214
251344
362526
653564
135144
551153
612552
665366
333145
653615
331511
443413
565321
243344
225162
432413
223334
536621
566646
335144
614631
115616
421621
563611
421226
341613
461363
245355
242142
443442
415653
653152
116135
616646
644355
556534
453433
146164
322212
632616
525552
314136
542235
511353
534462
225354
352451
433164
626525
331212
431332
423362
366661
545652
444516
511641
665135
324154
524355
323562
116424
252133
623341
625613
265113
132553
435224
165152
116565
622414
352213
425351
516665
252421
412644
536565
561326
424453
662654
654331
556564
551261
621141
314241
134141
616631
354353
444643
513566
553645
135126
111362
414554
425262
564321
665453
236215
124435
554661
413253
252164
251442
555252
651661
446426
423261
326211
626241
553654
636111
211646
563426
325424
345165
336466
546313
661653
523266
433531
465345
364224
161236
456661
325315
264655
326454
241352
634423
152264
164151
442244
622334
125423
256461
434514
561554
422251
235432
662614
464624
416225
643161
641352
255641
545215
226313
411453
366255
166411
214352
254234
211443
634362
534422
241456
566611
241143
455251
523653
556611
221532
616113
116563
145224
121662
336312
614441
431233
114166
151151
653456
535122
651631
533654
635512
351315
255644
346542
421616
162625
451251
326264
636423
213361
133362
656336
612612
135426
415224
445234
462112
121363
314523
555513
615353
422616
631346
342622
116165
564421
465113
635443
134345
462222
113431
224431
241612
552442
243556
612465
364365
235615
326313
314563
145216
664444
644164
331143
631451
455616
455266
136451
521263
334443
466115
645242
513334
225423
445462
634531
363225
522136
156126
566231
121313
513215
165164
541326
365244
136234
331335
345645
452455
662221
656126
222436
456664
416626
624544
115225
212664
165146
416436
221463
315221
125114
341251
462522
342526
445625
245665
261112
352266
263551
246665
416514
152521
663664
445314
231652
136562
261612
543246
413536
165464
411362
421142
525223
222462
362426
652552
134656
212114
463111
552156
234152
261461
525464
422123
452666
435346
136111
462426
416263
554364
251322
453243
435523
253561
333425
351333
454265
314145
636523
356363
265154
545265
613646
664614
656646
231125
434243
423264
342144
363241
613651
112141
424154
266523
633212
516251
422654
423234
246126
231413
545633
543136
612335
562264
231132
114551
466526
321521
622611
161311
213123
143144
624325
136626
244645
416352
634566
456364
164342
363621
631163
252264
441643
432362
562635
556555
263453
422122
111426
655656
134246
435145
153521
254525
233342
544523
434543
151563
431424
561526
635632
531112
663654
663543
554223
261535
124324
555214
645152
251412
643155
212143
522445
315424
142625
654311
526611
563135
563454
366656
321211
221226
521315
332562
224216
121256
462634
311152
661431
463131
143133
151435
261232
162156
464631
121563
142413
144455
251511
165265
354451
215323
616216
413265
312331
245612
233465
265456
645116
365662
534453
233523
161623
452654
563651
614235
342324
162631
225554
454551
551546
632613
422162
252235
431536
132231
355523
226556
524251
611243
663144
524243
561364
662655
314642
641223
365343
211224
154632
115621
111312
664136
254563
153424
634245
641352
322665
445435
133364
415666
613543
131543
154656
613645
311255
434626
264312
121266
416665
146264
322526
563352
244155
623423
224414
425344
635453
154233
664154
144316
361426
461656
513436
313154
442643
215542
334622
643261
315531
422554
326451
412456
315455
112335
255261
526145
363462
264361
131561
222654
242625
236111
411121
632155
133411
541466
615224
541211
555352
246666
135452
434245
545662
524163
332333
361525
524522
445623
552433
315145
623222
565244
264534
636453
132355
554424
146455
534132
252614
624665
624163
632322
614124
546663
155342
653656
422642
312666
125431
425511
354634
433451
253532
634266
456253
664246
153264
311331
325453
136433
653442
531144
632464
156423
336435
645535
331453
245334
551122
565642
552444
515353
215614
531125
161625
543313
316626
466631
514112
556236
116251
224133
535465
165212
531624
352526
663145
133562
562546
424214
551243
416626
122141
336321
543253
415524
335525
236565
536562
563326
435253
255654
543236
142432
541134
633326
263364
552445
524324
331561
521624
221654
152411
365525
613131
362353
363213
543261
426413
663632
111532
261113
264113
236511
121353
325134
112354
126552
542451
113516
443264
355612
162161
554165
345233
445616
364345
333561
262214
526162
456323
452211
456441
344112
451365
456546
164664
351326
331556
316652
131362
352545
631165
256513
666115
623133
523512
513113
133434
336313
236611
154411
162464
344462
632313
563144
132553
126622
215354
136445
255435
354654
146524
415555
525243
225461
116624
463626
234665
461161
516255
113414
311455
265243
261354
315665
334121
561633
541122
225114
654632
224214
235432
463161
611436
223225
226623
311616
613544
322463
416533
642311
436665
666664
231332
431616
365215
542266
556533
251645
243325
616566
365314
566554
133131
251245
214151
656143
216435
346361
336334
416645
231344
454454
534436
116545
616243
153542
441423
222446
232364
466546
523412
562122
146411
431122
453433
124634
536253
426336
264244
161146
144553
152443
433461
626344
366363
226323
232126
453366
651531
113134
413535
642455
436422
125611
156124
243551
125521
662452
515165
462463
132512
534123
416626
234655
664625
535411
546265
242132
153351
466621
145156
515615
343255
312111
633622
232566
446361
234264
555332
551241
346346
363432
313232
452463
141132
311334
522424
323326
255422
232153
444421
111242
463665
242432
261522
226531
231412
522361
256626
231311
554625
235212
223236
452412
544536
211364
662635
123525
412344
265631
231242
131216
613363
614465
165133
321634
546354
431123
153644
114546
156151
656213
433365
532261
655425
523645
233144
233446
126232
614113
321342
636535
215223
145435
121346
152115
216522
664415
234645
343126
233653
653556
256136
143243
233563
332666
112532
352134
554625
461552
654144
153213
253262
622255
432663
315636
333243
331513
312634
142445
533634
125266
253153
342343
335234
324135
562436
534654
313321
656421
311541
412654
146446
211512
241136
514144
112162
165652
241111
643263
615513
532546
336443
132331
322216
366142
411264
153642
514646
464354
425562
163511
544342
343455
316223
651646
631313
266351
366344
425161
166254
324244
246443
123155
546564
314456
222446
554524
455654
461666
614612
466325
355645
446632
514646
323312
326641
333324
453614
463415
424214
254232
266661
146143
455311
514321
245614
215225
636125
212512
324234
535333
216213
262543
612322
616653
324126
234356
442153
643364
645432
125553
125355
335633
266152
235221
413324
522241
164361
432145
353431
535226
366334
535411
265213
161556
162254
343323
261345
421444
454524
254413
562633
215551
616155
166451
333342
553312
263423
644125
421345
664655
244343
232225
436215
626663
662662
442365
451163
513422
233211
663516
142635
464163
332664
361365
144243
253611
435346
336563
556565
636431
622622
154214
423164
656565
661664
426133
541533
316424
114422
631215
241222
121153
454135
551441
464262
226243
113564
223513
513256
154211
361365
345424
534514
616464
425466
235264
315112
144124
654314
121612
232231
641452
155436
156452
145321
435411
136614
252661
345241
153323
654244
662625
421636
311132
562362
412545
226626
552512
444426
461453
532452
466255
556663
515254
323255
353466
511423
156616
632416
351361
342121
654534
446643
412154
133542
422442
566664
152534
614356
636332
326531
516514
125421
341525
625223
322222
564654
555225
535341
334253
554462
351451
113642
661565
623325
151565
345335
163221
452254
531536
446252
542124
344554
566222
514631
312111
423413
436646
544212
422636
631351
444311
646136
531456
314554
444415
513136
635132
123545
564451
361122
213466
341424
452462
223432
544444
253224
655341
533562
115424
351565
646442
223365
441535
444626
425146
456416
161254
631362
453311
661246
262516
443313
641622
513122
665151
134421
421333
524453
614153
636115
445533
541535
212631
662444
124661
562342
561321
453362
355516
631441
111424
614533
636412
143632
461215
515551
426123
424145
635632
321514
423346
164362
264422
152251
142122
124322
544452
325122
416426
413542
615645
331233
321223
252135
312356
261564
335653
431665
522422
234553
622314
442413
551611
535356
141643
666334
433441
552546
554264
151536
534243
621556
454212
662326
252421
454421
165361
224434
465353
613324
342315
356324
164515
612111
266531
451423
366264
663215
252156
626556
161633
621533
663511
553464
145125
664226
321564
352465
263424
635356
564356
634246
156216
235255
223341
632253
613456
624662
231644
163525
334656
514454
542216
263361
354116
353415
351366
535614
261554
456514
223434
523416
114546
221435
563241
643325
166155
312556
424635
362365
456156
644615
342316
163455
231354
125534
231521
124122
453214
126223
322454
464245
561334
556436
613643
545533
411516
232435
633214
125323
642643
451345
424262
563662
431111
623126
155643
633511
516465
226134
344641
456445
361515
264545
631611
421231
522526
545161
651162
211246
332365
112242
154525
342254
145255
653612
414645
365145
333156
435216
142216
414554
624144
636624
156353
114455
343163
463621
121621
434415
125226
545335
145565
551226
646253
462226
526423
321316
161343
612644
463663
335616
633123
215652
524623
525452
234566
124324
462434
442266
152313
324331
135565
243553
215251
555213
166432
432312
142364
344665
135666
625264
563611
615514
145243
631561
154413
323333
236453
635325
632611
536254
561132
536524
352564
431351
212453
536532
655364
112231
631642
161341
454361
664534
156631
136445
562543
552315
551532
345452
661656
431462
211316
334616
145255
455236
453135
142123
126454
223261
543315
365352
535156
266531
433415
525243
346536
345121
413351
335166
131463
515634
523622
346341
223455
133562
141232
363136
451211
414655
653261
521513
262342
655466
553261
333616
625534
532464
612656
362416
266321
411154
513231
115523
631545
611143
554433
313313
635554
446443
566525
426515
442654
124122
112162
363422
531146
262356
634664
341443
166261
442143
512623
361226
525443
433462
442365
241436
343326
546551
636366
456614
234234
111251
362443
111223
423614
121224
613243
341141
244233
524325
463266
656556
454221
656425
454325
511363
133341
363514
455616
143211
255444
116413
634445
212636
151344
665336
434313
233642
663325
553353
215623
313613
535626
251656
224446
232315
164452
342432
536343
321145
563233
563662
426636
331452
554442
436534
421352
532116
535352
361454
165222
213411
126621
662646
612353
216412
246546
552436
626533
464331
264312
464635
464213
445452
413612
555322
445363
243516
141643
613665
461255
156211
241122
414334
643146
422165
663243
642422
641242
641544
244641
356511
342114
153252
665632
335543
343232
653425
244135
325623
452636
564415
325215
446443
444666
232512
546432
453643
241445
122634
223314
412255
126162
363415
364116
615231
643356
335545
365566
514331
444511
126115
515144
544525
636211
364425
445665
653545
253353
124432
221332
132424
225252
454256
555654
533224
541466
325135
226165
241421
121466
555651
351354
661246
225236
426431
454253
563635
454435
431255
211145
624643
314141
325656
261366
255443
643243
111321
656626
154424
213565
612662
661345
556341
345223
561235
333136
562613
166513
663222
524362
651252
461343
143435
422216
331463
662424
461121
443324
255362
365512
533455
163412
626661
625542
146424
622633
352126
132226
156665
646543
251655
444634
264256
234121
124523
656454
521162
664545
432232
153664
565431
464542
144313
224222
231531
612554
161622
125311
566441
143422
465552
242311
163153
142614
243654
211646
331466
466666
524631
321124
461131
622566
235165
656254
643156
541262
411444
632444
523366
543351
613412
464342
134633
243454
531646
666234
222566
413153
433232
661231
646256
514242
615655
235363
441215
124436
263225
356442
444513
134114
351313
414551
241141
463342
213266
644324
635443
356562
234331
444342
554361
625624
516535
233223
111663
334433
343415
652521
116133
653215
646552
311241
522211
155342
435534
123421
264265
311224
245435
246436
165154
466563
136545
552563
534245
156245
462511
213146
444531
332244
511325
652332
234114
164265
211516
326343
121662
433536
466633
324552
411636
111245
416544
624432
632223
251632
124234
641433
216225
524665
565143
262454
214213
324315
655212
536643
546426
345626
226453
344236
511325
526636
444631
216543
532521
114256
432131
262345
565336
242541
263546
452131
221464
441564
322626
626221
421465
615224
413165
164462
616523
536625
641556
253342
216335
211633
365264
156252
252621
536516
152412
655226
332332
244112
162531
261264
366433
251334
361565
463233
163122
252524
315464
531361
221526
243245
424146
453232
363451
625452
621444
442331
441163
516556
126656
525616
654421
234626
251654
222153
165231
663363
111334
552662
541124
235624
333323
433556
154312
525163
563244
354166
634532
145253
242155
461354
365561
143255
122521
134344
656212
362654
164143
423545
261125
233612
434246
633543
465133
161135
245544
545631
454216
652221
134421
243546
231411
214661
341216
221512
361422
523631
414153
456226
354553
441535
332113
216233
411633
352233
536434
152431
522654
515523
124266
133644
112124
345252
215366
665626
653421
614152
461651
564155
542515
624124
544534
261425
525666
611664
324355
112162
241241
261134
436542
132453
213353
161335
663144
231662
625213
646235
664616
462356
344623
363531
224566
324243
643536
513616
254323
544354
152623
234121
464263
324344
523262
344626
612214
416113
415152
555343
661151
324245
612445
122563
252511
153566
361152
665146
213134
413633
162625
663415
353642
442215
424666
545531
532561
214111
223444
254256
112543
144463
133536
221113
366334
365613
142145
462626
323243
444226
323146
151451
234644
544211
141442
455361
526166
245235
536653
623252
413554
164636
456333
133542
321636
336454
246323
314635
362463
434634
342165
421116
556124
423564
146545
143153
442225
414364
561632
114454
222336
551613
541514
435653
253634
111652
346623
611416
154351
222125
434625
523125
122565
211125
635625
213531
432653
633215
151253
653144
246541
414553
644143
223365
123351
514453
233411
625463
644123
524534
326264
336124
423615
666612
142265
412264
534425
424625
633323
462354
135515
131263
631531
155535
216514
413643
634631
543453
656143
622326
436532
264221
123615
156663
432352
636164
614253
111634
464421
345235
336423
513341
131663
616654
461461
132165
255462
231544
412544
625121
164154
665551
553466
253663
321644
615313
615226
161411
642232
665362
144543
414456
156341
111466
136316
225343
224541
666511
533245
536161
134232
626135
252453
214152
165353
325241
266264
642122
563151
463333
262661
453314
546523
215241
255344
342541
152514
633465
524531
112654
253665
354641
311626
434464
543312
156663
416633
266231
125323
321162
542346
342611
613624
155515
151422
241556
331511
252166
354614
355616
432144
333665
662225
613441
211535
451366
452563
313431
563545
556564
361545
633666
464312
535543
245242
652662
553535
461642
135312
553421
533246
366415
516212
126335
524161
451644
114131
563211
521251
646553
334444
562255
443453
346614
345644
535663
641264
614361
421531
124654
126464
362164
542351
263464
534664
214524
354144
521144
434664
453264
611326
236342
635236
546664
443311
251131
221242
356614
455511
256552
553625
555415
165611
363643
435532
463553
466245
142332
612426
456616
631444
653655
633523
441154
461266
541313
345164
646312
235645
164661
256142
343665
443542
211446
421656
423532
422361
546516
365364
443266
123163
511224
244311
131111
626312
235241
413124
161343
215156
525211
214642
554645
341416
642541
464661
513433
661423
564545
226534
161244
341636
623254
122665
141353
535115
452144
233645
563552
431422
322561
654656
443224
436534
222513
254113
136123
316242
416322
662415
665532
645166
431234
634251
262545
146216
635666
255364
431154
223132
114651
112514
511656
251252
114212
521331
432622
156413
563251
251431
122242
146134
335643
316141
265452
634513
423426
525134
153532
115314
544453
414333
532326
614136
246332
523365
444365
134553
633216
222345
562152
146236
222351
165115
416656
251644
366352
566533
362635
422121
545325
543643
551344
544433
426324
256543
662651
332351
613132
541132
654441
451241
353336
125142
554254
515625
342234
124442
556251
524546
652625
112313
132554
461253
666652
121556
354433
343633
526212
642643
233522
214211
425324
441425
222225
616252
312353
612315
466363
256522
511222
542213
466331
216524
351612
326632
313334
324245
142125
635543
324361
146526
563163
265156
651546
563263
133632
455162
545654
323232
353352
466332
266342
442412
251124
243424
336263
616241
462624
266122
614443
123421
615545
225553
132263
435223
543151
552544
514235
121553
361114
215362
611451
426533
663316
346536
156331
626314
341265
112463
445234
243222
344141
265233
222264
635513
133124
354124
545613
364664
645435
223346
251234
161633
661636
651245
256314
411462
336451
535551
653335
542632
512341
266526
251542
364241
434644
535414
614111
414254
551344
466164
256254
342651
343262
414256
336111
565532
223234
313223
336352
432451
411415
455124
636146
264334
526521
535611
412153
622312
662612
122545
556265
324355
131434
116612
266241
666234
635213
424231
332656
525421
526365
644144
536654
453112
346342
545435
445131
262434
655125
356414
525254
624255
315251
644654
554661
345516
362646
236162
643152
234531
366226
234263
551655
425246
543134
234412
125613
265463
211525
113155
455164
513362
666454
422421
152133
241146
433666
536344
161326
455552
646443
563346
216656
614333
226261
356423
152424
144346
145651
412323
645456
322136
631326
511624
616622
532251
615462
442131
442516
453362
241626
452533
343543
416146
415225
514264
351451
551152
221324
156164
363245
316236
616262
656564
436314
626534
634465
234133
612565
143443
143312
326523
422353
154462
436546
136341
455146
655466
156442
633555
331524
362423
412435
555463
346362
225566
643215
143652
523454
144511
242422
145635
254565
466626
421235
522611
216555
365166
164223
635122
625412
254611
343414
456361
433145
246223
623323
663562
242634
246441
544134
412211
416611
452626
355161
613123
132212
625543
654635
314553
564643
245461
544636
332634
644331
164444
333434
214665
234511
365261
265624
543421
236561
626421
346643
244552
152635
222152
425252
411261
421332
551162
323553
324355
236122
316432
435211
523551
533651
251613
521325
364341
154146
321352
342344
211134
164533
531255
515562
615211
425211
244226
663662
532162
242236
632222
243315
345425
262432
551221
623344
243551
525141
631253
216113
561143
623214
264554
326613
366353
453362
344621
564643
545126
641334
364441
566442
621622
265313
111232
342233
151453
356422
235242
365424
524231
225646
351442
226232
362132
534463
556343
253424
332541
355652
366366
546355
612314
315451
122155
363351
543652
156662
264632
246644
345312
631445
136251
461331
565446
626353
414526
263424
334324
631325
156536
554121
413456
255556
415662
344246
424114
334336
635523
312564
233413
364534
431345
515353
244163
612534
226163
556362
266443
241124
536654
333625
665462
332621
164134
424145
431655
342661
336163
461126
223425
213545
631152
535644
266114
541414
211162
142243
144215
234164
111326
261631
513414
255643
466245
162114
616642
544162
236336
664362
615342
313354
663343
166534
514546
135321
356545
662653
111424
231153
236662
433224
516632
655322
321623
355122
221165
212514
341411
523243
131134
665346
146212
615414
636443
223245
435333
566216
624436
622345
443355
566613
413324
264142
165545
336211
413631
351465
155261
245226
561122
231423
356634
146313
413623
462614
124626
664566
344664
356426
214636
412441
142625
251352
615326
644544
115352
165611
131342
661246
216642
266266
545532
224461
161242
542624
231265
335114
543112
661352
411261
443246
142145
256531
425616
551456
416345
322443
611224
312614
265233
515213
632151
414114
461252
125622
644122
265331
352612
364252
413456
653614
122556
131135
432644
655541
512232
654546
134656
332333
116224
611522
132612
313653
111111
256316
361324
332414
624215
163424
324622
242234
662332
612554
323654
133136
314255
414126
224434
543433
311111
514121
521146
312541
464143
146525
643214
164243
124513
441213
646222
245446
343342
145152
661136
364116
645445
622662
661244
356414
565552
435213
662143
632665
346261
535225
421416
426511
356131
134652
314536
135451
462645
312545
224514
151523
153525
643653
324144
355455
542541
114114
152536
142356
521111
346165
423663
451544
354416
562631
614331
242214
245252
526642
215214
156646
631431
465545
411516
122543
653134
426656
531455
556416
661432
443543
631523
412653
123342
551613
141362
152531
324533
155663
156546
633221
421252
163334
554423
432235
154253
163564
131156
441636
534253
341316
315234
653413
364346
524143
261441
643642
646151
115325
662325
344366
212311
315365
523516
515631
514334
231142
124523
435623
141351
225316
151121
524624
123245
543113
464546
551436
121632
564544
344262
215232
162646
451233
135164
432143
566652
261511
514564
131626
512116
162111
425556
424131
632552
523244
335333
366463
345165
141126
415415
352611
223633
431235
515553
165261
631112
236442
633541
611544
321661
544266
336131
236222
334463
642123
244454
665264
155414
266516
645515
423653
623663
314632
511233
554342
441516
616666
435535
312425
525245
535356
532422
355135
354466
462113
366361
455223
535344
664562
341515
335135
465141
123463
541542
432455
455562
662353
626244
251624
236235
324546
213311
625521
626246
465234
322425
615342
531446
155555
523264
532551
612321
154443
362313
112636
116155
361656
415133
142554
565411
344656
513246
663236
452133
443635
361515
463611
565555
255535
153546
513341
133463
623366
126561
116415
216654
132631
413214
414666
312515
546661
431645
411546
351655
232456
352651
645361
445243
115446
613514
213423
235535
641625
122654
644431
541444
316326
455225
425341
514521
242556
533144
224414
152244
416256
256545
665263
141323
113362
153445
535351
415325
261331
131262
421424
221215
565422
642333
334216
514546
155312
511142
614553
261165
414225
642443
524233
135134
144355
614336
436641
323213
262255
445413
121516
262635
455112
223116
623423
144243
265144
456232
251541
525244
244431
355526
323433
635214
464321
535552
161526
313643
426326
112143
651546
466514
361645
316234
142324
464212
213443
346445
611622
134113
166256
521362
236222
125612
466566
553513
665564
314242
551141
346652
462234
524361
664364
456656
633351
222253
416444
323165
656146
264116
152352
355412
323341
124135
213144
442152
236621
134634
262354
413365
122314
513351
246332
644654
635541
234446
144442
221665
411153
636614
563543
236654
535321
513566
143513
341654
622122
152641
546655
125631
221342
555155
655154
563124
121512
646413
412411
325361
555352
454251
522252
156631
411516
452634
143213
244315
431654
254362
142133
511533
421336
631513
141243
245411
635562
642354
121512
326644
524124
625253
225522
463416
345361
626632
641626
543141
163562
565254
113353
524514
642653
356253
455566
424155
233121
324536
162162
441253
553554
636365
611125
633223
652351
632335
615555
113133
623421
652223
242464
226564
416654
266334
115564
242652
261624
653152
241565
552313
666624
665236
612153
234525
552634
144142
254131
543364
643365
451214
114643
531126
653466
565544
546631
614344
343211
236253
416636
631154
355133
421645
614166
521422
442226
545615
636523
163213
631545
514422
332454
324324
615342
436634
234425
553533
336233
445211
626614
462516
255316
132322
244243
261542
141351
653252
254636
153152
552646
623513
455413
415154
645646
425326
463113
322515
464615
454135
342412
556523
122161
442545
632122
565226
251454
652361
445625
446113
134456
543152
262121
324335
434256
312556
333463
632152
243331
261215
365352
455662
444435
516346
451523
416642
112522
132553
353235
236336
642131
531114
563312
566565
642523
345154
264651
634561
636552
465514
612126
666632
364635
331634
311131
252611
612121
645313
613625
516166
324156
424124
352222
666323
351213
646551
563542
462443
634111
116322
555525
434652
552445
326235
246322
243435
563656
656322
653312
113116
635656
321132
145564
521325
223254
325341
513155
122664
221663
263553
652624
142131
253266
165615
235245
163244
443151
514353
363142
323322
463564
464145
133516
566656
532462
112132
326253
511322
115523
225142
241645
636345
422223
266311
523443
342453
624135
635126
524461
623312
435465
546315
513226
265434
521432
635654
446252
514466
153631
312524
165335
662162
515335
311326
654426
166542
135651
524625
456356
266142
254512
415656
351244
161245
365455
141444
641632
362462
124113
434154
616531
641544
532132
145643
543522
125122
153346
441315
413645
331334
142552
563661
413564
423121
432263
163134
152346
322443
163322
321541
225312
133525
216514
611316
236615
156254
446642
315254
462221
421666
421146
612354
424252
446555
111126
425464
224643
652421
641242
543525
556466
211141
311356
543115
643334
162623
323666
532651
335622
624331
161345
444531
232266
254152
232241
333316
516126
162635
565446
126634
563154
346153
315631
554112
253234
111343
136542
451664
426441
152352
636113
444551
564111
526146
543143
133136
414336
521242
624453
146332
152664
114513
524541
363151
445122
623256
161355
332156
113234
634246
255552
233652
612262
326566
134413
654645
352113
661344
261356
223552
623615
535556
262115
612331
435134
222411
352532
615145
163522
431254
261155
554443
212433
324555
124656
132422
515365
225444
161511
563254
163166
421225
544642
131556
263366
434653
566316
435524
214524
252656
445614
152613
225536
441245
133145
526261
624162
422444
352161
441444
153216
233635
466266
341234
153513
333632
244144
435325
114622
243546
632343
625133
511214
333513
355443
364563
542316
456353
351615
451623
464341
646363
546233
534222
555325
633614
522524
521134
422662
313526
131162
636351
141351
325226
225623
656544
332521
144552
235523
133315
643145
513352
362162
535346
524424
635315
245453
626554
252426
126331
353543
134254
513526
216566
666423
436411
223533
526661
264366
453641
644311
626553
651441
115332
622231
131625
432236
216534
535636
156613
332655
254336
423346
312134
622416
544545
655624
335641
134232
213531
263454
621223
354641
555615
452465
326622
643252
513456
353562
536655
465525
414363
444636
421453
625336
563335
214214
531614
161132
315165
252456
244422
263262
135263
432246
311264
613361
652642
262554
464555
464416
436563
514246
615263
354223
225123
333335
264562
213546
365553
345215
552236
224211
142664
252225
625321
531256
223662
344555
126152
114146
123241
453143
415343
564652
514346
265363
312531
236456
433124
651366
565624
363411
124643
553366
164341
544535
236523
441254
351144
615216
566146
365212
412662
466511
441442
554363
451165
565346
456466
631616
615516
125135
361155
314511
431555
232363
341121
544414
214316
114643
166135
652245
136413
431454
622436
235235
413545
544222
515235
151111
652416
364333
516225
266231
666312
416612
623352
323342
564634
221643
334422
531426
164545
545664
455332
663642
345362
423115
125545
445662
535413
522261
562355
241156
426565
211214
253644
546524
666532
561566
233215
131366
322134
116261
315422
622524
263544
431414
123643
164233
226156
222362
125444
564332
465115
316163
441421
545246
243311
114263
565155
622434
562454
564154
631615
145666
441245
333513
132521
344253
561111
252364
113565
462431
516433
316242
666611
451614
321416
364152
564413
136233
234131
162122
123423
364524
642623
451351
145624
553426
652654
315121
424631
326621
444552
416163
162144
151153
162615
445351
611663
566365
463251
311243
664315
335553
165651
552422
351213
546521
631653
616631
364655
644155
362123
544121
564265
365253
215342
432421
151644
526531
364545
522256
121364
126643
241256
414263
516352
321151
366133
142254
463151
112552
614344
453216
221254
523362
633522
621254
621535
344346
354544
153561
534421
324512
546521
426166
221446
265232
352416
435646
165235
166521
333161
365255
263234
163264
512233
411361
352151
523232
144545
624554
352362
522223
645162
346633
266111
616444
626563
614642
235544
214614
651536
156222
632312
341566
115452
156534
642642
235521
323441
654455
665235
125422
222532
532352
213146
623551
464423
563555
163141
415615
531224
261333
214534
455354
436544
131136
462365
211616
545644
651436
255156
423261
361151
241131
316612
641512
312442
663251
526524
521143
421266
311151
356622
644266
554214
533426
643223
544441
113512
511356
635131
631224
534324
625633
463614
414413
644144
331461
452643
632614
545363
235516
345623
346165
515351
662441
444242
124242
531154
513423
556556
253332
422461
315463
341436
656143
232443
325226
324261
351523
611361
645216
354646
112145
456445
432411
523212
651264
511564
133233
464612
251256
342362
353466
433435
416111
551256
541634
256524
661655
514311
633426
526365
243223
552225
612432
436255
214315
254345
122116
514135
611141
556634
635346
111462
365113
554261
461523
654154
431612
553516
451556
112314
561516
553551
554121
442326
441262
545631
623323
641214
665451
114326
632536
414541
126326
365425
424442
664632
632161
554635
136315
256116
631523
124211
322265
244333
116213
241451
321335
522462
315136
316312
344436
262521
246124
613345
566212
662142
566643
414524
124623
662615
446531
125366
622234
563464
542455
515211
111262
212616
221512
423514
136633
424554
146166
633546
151216
256322
245263
226562
513224
622365
455436
563456
452256
661132
433666
364126
543364
143146
151522
336356
424114
241642
614642
454241
316251
312216
454135
311665
263415
352224
534314
521162
621163
161531
315446
155645
513346
354343
121115
361645
562455
316255
635113
342446
516463
461466
651152
654353
226335
434332
566316
525115
662156
153413
221111
611321
514141
522253
252534
436416
535452
141144
214145
566223
432632
356224
662113
251564
335324
112551
412342
455411
333511
315141
456132
551344
252232
416331
423652
436334
235223
253352
133221
345535
136146
364611
326465
265326
121561
416645
411242
624532
312133
262663
535142
525432
134363
645615
142253
221266
151354
511241
535141
134635
462421
131524
236253
452145
522542
165236
161324
255645
152252
512151
415123
331642
461134
444255
516326
524465
626424
623231
212563
321141
261225
231465
161544
461436
163665
151531
461331
142421
454443
441614
433552
135511
142351
336352
114212
165365
561261
431133
516565
532136
265525
126264
632156
334226
266343
215655
132354
413154
454422
665142
436421
212143
451433
345556
413312
516355
365513
414562
363653
616161
336653
243252
311426
526451
661534
623545
531154
442155
661621
336343
536262
362125
245166
566641
142334
334633
615354
255435
133562
141142
263355
212666
221463
441512
456524
454611
525444
551155
152441
413233
236311
555222
364141
324454
645526
654243
536613
224616
655336
236131
243434
235461
334134
566211
361425
622545
544332
222525
364456
266563
312422
324651
326326
444452
125244
223444
312651
166235
621241
355333
126556
533235
463554
324236
126421
436253
322553
566213
643514
113634
535461
624413
243622
331166
251145
313442
263532
361323
425236
212446
321163
312344
511152
313246
133435
633246
135245
656144
255563
642142
256645
356312
624611
226213
123536
536123
152251
234524
121451
455224
116555
513335
365115
233522
532644
511445
341534
142262
351411
216431
652221
244312
656556
134141
513236
442545
356551
242535
416366
634226
144241
431435
131155
652322
361524
446234
531251
313514
632666
465645
534111
324662
316366
452424
343324
235624
422651
254313
333426
664635
222556
131446
244265
411321
424511
362154
423433
326542
115555
461262
541446
112523
356564
662263
341446
162536
621543
115656
456662
454656
254315
645245
145545
462524
125413
215363
644221
123264
615422
212123
316526
162561
435121
553644
466252
655344
345133
313114
263666
651334
214155
511362
641436
144515
146251
542142
436321
445633
246126
423112
466544
421335
565655
612461
352136
455115
132442
152221
325213
414536
216122
465552
361333
332212
234566
236144
643512
264651
316322
263323
362414
562615
513325
246622
111566
446123
146652
436445
163131
326424
411342
133413
314511
343662
533124
265152
233263
232423
416611
534365
626346
214234
313356
336561
416131
614635
114213
523322
135531
515242
123443
246131
454561
156624
442462
146546
152166
665212
515254
365246
514214
355342
635414
213264
525442
125652
441415
463654
346446
435264
532563
612125
364361
511621
342335
124134
514145
646312
126516
212455
343323
246452
643256
241132
541634
653361
415615
456422
411216
253224
666635
621465
656434
262243
141122
166331
135644
211443
363246
561513
631515
454425
516262
323541
544434
242212
646453
354331
164352
411642
145622
134215
565144
151633
234463
365552
356342
452333
154122
124461
321521
524256
162331
155644
212254
534155
546234
133612
312553
226631
332363
634313
313262
263253
156656
114334
655354
314333
142165
455142
253666
354441
363153
245522
312213
122135
326466
225242
526545
252343
412224
614623
341355
336154
261225
146512
515453
126525
213465
656554
244545
366334
364461
623514
514341
446116
531342
544366
532234
234631
256441
551325
143525
355445
552252
153453
144562
135641
361216
544526
341324
244146
656223
163356
356246
664564
441634
141436
642226
633431
231434
523561
121411
614424
244464
536451
642425
424313
431116
313625
154154
515143
623444
521135
514626
423532
241224
232641
535524
441325
336435
662413
462346
244351
641543
114316
533134
523556
143124
254345
564126
633132
662551
616526
335253
624555
452156
213344
634564
456225
163344
623215
663143
425466
214253
521461
344645
341653
435111
251632
411123
166633
351512
215221
362555
544665
631112
262111
356414
425662
662552
631441
521421
522565
122464
325615
455655
342611
125224
441452
556231
531624
542446
252464
564516
143123
464236
413266
513355
556233
361614
546644
625642
632644
234625
444436
114251
445361
234453
513564
411652
435641
554544
112663
324633
635316
242641
433444
156632
445313
246453
465655
231166
311555
233436
652552
513442
251666
232353
243252
154341
421222
645535
662221
145315
112512
556113
113333
441555
553221
165321
463441
241313
145551
224242
244544
644624
624564
563251
643155
233425
455226
524552
212636
651444
555612
432244
436431
543114
666414
161136
212463
232256
615531
642225
523515
224332
414444
152623
246435
663326
324452
264556
326665
111533
121244
525462
363331
243235
545346
354445
316412
153531
452531
256561
523542
562624
623353
333562
355341
563441
523224
212624
246131
255522
133624
456514
142662
463346
166321
545122
414432
345153
555516
553353
261353
433253
364552
634615
122456
653633
562111
244312
526514
654236
141656
153335
454553
366464
254641
165455
431421
443242
426332
265464
341335
415426
665333
444541
222621
235656
231665
332151
236541
464425
324333
322421
525352
445344
355254
466532
313325
625621
233144
253521
122146
243462
162365
456341
216416
466413
255531
663131
432421
466323
454554
631164
154464
514563
245125
261512
441346
435646
134342
244641
645663
456522
212331
125234
143233
425445
442343
544612
621266
224231
545331
141522
226123
212554
235145
545523
224253
141423
515622
665163
514224
664145
665243
616341
454156
461164
456531
266144
245513
442515
551265
623541
211252
655235
314211
356665
365142
542363
512466
565554
661155
114236
426224
426313
264152
163464
224224
134266
256233
413345
566146
661344
253641
136625
625266
313632
231466
264625
213353
131621
565563
142432
613511
233536
525322
651512
152113
224325
234552
535164
621124
146131
654543
315223
235245
445635
224164
625635
456514
631643
443245
616425
423336
523426
416564
524626
231661
632325
546562
634323
235341
121153
462233
223423
516115
434645
151531
461213
235261
412612
123163
461254
525455
545642
352364
334111
515253
122515
356134
135115
564156
165225
454125
413224
326225
653561
531232
325662
134442
363151
562531
546411
622651
414421
116231
546616
521566
156461
531122
222512
454655
515451
535241
145545
113246
336661
416221
345512
415513
355266
131324
224462
312253
425534
216242
566516
631131
231415
533165
541416
225244
423623
456634
414561
145425
366413
116226
133511
434166
561432
514534
453426
212662
424323
526445
331416
516351
124554
656633
522143
232563
665365
412461
131564
435644
151622
452212
554431
651613
621325
116362
632262
652445
654525
424322
411665
661635
144224
162221
345535
235333
366631
532232
261135
213215
514422
234515
311342
432651
311232
545235
666141
351236
543524
452413
523355
665141
322442
643462
361526
111616
261125
451556
355414
555654
253535
165626
236215
346623
246531
145342
262252
614112
456651
342642
266643
331252
413422
664243
446355
266331
533621
161361
256564
655353
523361
414634
414521
354444
121314
565352
214122
354146
343632
532364
565665
665362
234635
664411
125615
133264
515436
566245
435556
655324
453133
542641
136243
542633
526231
614354
264131
551535
653166
241316
162513
243166
616456
111525
663235
623464
625635
661424
364332
641321
216342
353423
653223
352564
511331
663633
211334
644651
213111
435423
326464
616554
614356
251113
644641
466632
311463
343153
424536
653522
231632
311366
661552
614316
433632
513525
223156
212635
523611
544245
214642
652621
314151
525662
534652
312543
664331
161522
143214
663343
541132
523225
233431
415334
625153
254263
421424
444634
465125
365622
531154
556421
352156
263243
636661
665532
564554
414146
435314
641224
232416
323653
221536
442345
542516
226245
526151
613655
152563
545446
642353
524222
445336
363266
322166
143341
446364
466365
256216
621422
416361
252325
161215
435436
244236
661624
143341
164135
646325
511453
311216
341315
421656
555351
663614
333541
153351
213661
423522
644562
216435
656622
213424
361431
532354
425356
644215
416122
643523
435265
533136
356232
153265
412413
462223
631315
416343
452263
162365
542621
534132
616261
266441
516321
661166
533612
321215
565123
331555
663362
636522
412453
255232
665643
414442
332451
434256
344365
322436
154524
136632
524332
135432
524645
365341
566535
363663
162424
123525
226333
441426
146566
664261
641261
662431
654614
364651
245521
255315
226646
313534
211413
225152
541564
463261
352543
425214
425543
363415
565435
632236
566624
612362
615313
656523
565215
445255
623235
541226
541125
146133
134426
114365
651414
621123
654534
322324
262524
634414
311146
253255
321445
451331
241642
551555
131454
525345
264256
223231
334111
251263
651414
551535
666335
363232
136632
241145
141254
164134
313665
346661
233323
555551
651222
246523
133661
324434
666432
144451
634613
342654
662453
222243
655521
211615
161551
633145
126535
242162
654441
443555
141223
426134
153165
445226
435612
365455
166231
333613
511625
151426
414512
433314
446625
366564
131252
233234
134625
241313
455654
655342
114335
326455
163536
642112
351225
444621
211253
634265
515441
651426
425245
534564
146536
612626
631165
634214
561351
413322
413434
265314
323551
544422
333541
546416
535215
655441
544255
664552
532541
242561
545625
456244
164136
525362
636333
611143
116352
463116
621634
522423
112164
415151
154354
225346
554216
123664
232442
353545
536436
631436
314325
242456
255232
141162
665252
542344
125536
363152
565455
432255
263245
413152
326242
563352
456145
642134
465623
523135
664565
145355
554363
321331
415263
651264
323354
122444
124412
444151
246124
242415
661515
224155
554165
146322
454566
551666
214614
423166
162156
565153
462125
425315
233232
236133
313542
421566
316156
363644
166332
561463
665166
523431
213155
653543
511512
663416
225334
263445
465413
312645
342416
151112
663332
263363
566544
632463
132515
125613
151232
153432
345533
116444
523624
646522
521143
343223
116122
152541
264363
324162
644323
461454
255224
245416
251425
115244
546564
532644
114245
515523
165655
463356
455146
112336
243361
113422
356246
614313
245152
321654
125142
461563
241456
566423
552125
551536
653334
515453
154416
153422
366316
466535
554326
112653
655632
326411
536126
264542
162612
232321
136126
442352
164623
426126
541155
543626
456126
521226
261426
356424
345645
243542
414626
534246
522232
515342
652542
414435
112461
436512
123161
112166
616634
252525
645461
166621
326112
112634
366526
233366
345121
144416
411154
631414
165433
335631
644525
116433
561132
335522
441252
512564
311622
512634
332341
313426
632244
334233
632452
425612
315236
412114
116311
564216
454515
652514
244216
123166
536346
243312
135431
121362
341334
213335
562252
446224
124335
163663
322322
413644
666261
461363
511211
561156
154355
263535
453651
232451
222545
343663
266453
625431
626566
326444
621241
412325
425444
315563
124636
353112
452625
552566
166241
366626
125651
663546
663543
655212
226524
654256
543241
215341
444634
162311
213125
523316
342152
641413
624146
522646
223446
661335
543132
334432
524335
616415
354342
152453
146126
265513
656545
253141
521425
141446
554213
165352
633252
536352
433163
563345
133564
554364
334521
523335
462165
361253
564413
613246
623142
215225
353451
546614
515132
262625
256311
262243
454234
651216
362255
332142
165646
151513
346615
543216
335241
565342
342131
242543
515115
514655
653546
322354
315455
426153
436255
154552
433636
556161
211355
346233
421545
566536
555122
533255
352333
551334
225146
531414
456624
652161
361462
153511
253632
643354
561362
225531
545513
554552
431223
161662
541245
131264
436662
433134
413536
124116
354155
422324
334623
316236
265343
346436
231542
646522
241346
342636
434263
466536
252135
224454
615661
316311
341362
533455
422664
661124
252342
313365
351425
351565
654532
654636
633343
114241
163116
554224
341546
511365
334246
441462
522122
212542
523563
442554
212423
152256
614553
321155
153245
343136
564634
311312
555556
243122
335421
236441
116143
443461
361664
434216
345534
436336
561146
461623
212121
614411
636542
123513
256221
254325
241456
421256
622445
266625
353612
261534
155426
252145
131232
342231
346123
222626
332414
364361
443112
556655
542623
645464
142313
113346
362642
316212
446431
515126
331561
553124
325252
246256
562664
615335
623325
416533
552625
313541
362431
143216
244261
643451
662161
